0000000000000000
0000000000000000
0000000000000100
0000000000000000
1111111111110101
1111111111111101
1111111111100110
1111111110001100
1111111011110011
1111111001011001
1111110111011101
1111110101100111
1111110100100001
1111110100011001
1111110100110111
1111110100101101
1111110100010011
1111110100101100
1111110101010011
1111110101000101
1111110100100000
1111110100100100
1111110100111111
1111110100110100
1111110100011111
1111110100111100
1111110101101000
1111110101011111
1111110100110101
1111110100110011
1111110101000110
1111110100110101
1111110100011000
1111110100110000
1111110101011000
1111110101001010
1111110100100000
1111110100100010
1111110100111110
1111110100110100
1111110100011100
1111110100110110
1111110101100001
1111110101010001
1111110100100101
1111110100100100
1111110100111100
1111110100101010
1111110100001111
1111110100101010
1111110101010110
1111110101001000
1111110100100000
1111110100100011
1111110100111101
1111110100101101
1111110100010011
1111110100101100
1111110101010011
1111110101000101
1111110100100000
1111110100100100
1111110100111111
1111110100110100
1111110100011111
1111110100111100
1111110101101000
1111110101011111
1111110100110101
1111110100110011
1111110101000101
1111110100110101
1111110100011000
1111110100101111
1111110101011000
1111110101001010
1111110100100000
1111110100100010
1111110100111110
1111110100110100
1111110100011100
1111110100110110
1111110101100001
1111110101010001
1111110100100101
1111110100100100
1111110100111100
1111110100101010
1111110100001111
1111110100101010
1111110101010110
1111110101001000
1111110100100000
1111110100100011
1111110100111101
1111110100101101
1111110100010011
1111110100101100
1111110101010011
1111110101000101
1111110100100000
1111110100100100
1111110100111111
1111110100110100
1111110100011111
1111110100111100
1111110101101000
1111110101011111
1111110100110101
1111110100110011
1111110101000101
1111110100110101
1111110100011000
1111110100110000
1111110101011000
1111110101001010
1111110100100000
1111110100100010
1111110100111110
1111110100110100
1111110100011100
1111110100110110
1111110101100001
1111110101010001
1111110100100101
1111110100100100
1111110100111100
1111110100101010
1111110100001111
1111110100101010
1111110101010110
1111110101001000
