0
38
-19
42
-34
-20
11
-31
54
-8
-1
7
-55
30
-12
19
33
-43
18
-39
-1
38
-19
42
-34
-20
11
-31
54
-8
-1
7
-55
30
-12
19
33
-43
18
-39
-1
38
-19
42
-34
-20
11
-31
54
-8
-1
7
-55
30
-12
19
33
-43
18
-39
-1
38
-19
42
-34
-20
11
-31
54
-8
-1
7
-55
30
-12
19
33
-43
18
-39
-1
38
-19
42
-34
-20
11
-31
54
-8
-1
7
-55
30
-12
19
33
-43
18
-39
-1
38
-19
42
-34
-20
11
-31
54
-8
-1
7
-55
30
-12
19
33
-43
18
-39
-1
38
-19
42
-34
-20
11
-31
54
-8
0
7
-55
30
-12
19
33
-43
18
-39
-1
38
-19
42
-34
-20
11
-31
54
-8
-1
7
-55
30
-12
19
33
-43
18
-39
-1
38
-19
42
-34
-20
11
-31
54
-8
0
7
-55
30
-12
19
33
-43
18
-39
-1
38
-19
42
-34
-20
11
-31
54
-8
-1
7
-55
30
-12
19
33
-43
18
-39
-1
38
-19
42
-34
-20
11
-31
54
-8
0
7
-55
30
-12
19
33
-43
18
-39
-1
38
-19
42
-34
-20
11
-31
54
-8
-1
7
-55
30
-12
19
33
-43
18
-39
-1
38
-19
42
-34
-20
11
-31
54
-8
