0
4016
4721
1534
-2919
-4965
-2919
1534
4721
4016
0
-4017
-4722
-1535
2918
4964
2918
-1535
-4722
-4017
-1
4016
4721
1534
-2919
-4965
-2919
1534
4721
4016
0
-4017
-4722
-1535
2918
4964
2918
-1535
-4722
-4017
-1
4016
4721
1534
-2919
-4965
-2919
1534
4721
4016
0
-4017
-4722
-1535
2918
4964
2918
-1535
-4722
-4017
-1
4016
4721
1534
-2919
-4965
-2919
1534
4721
4016
-1
-4017
-4722
-1535
2918
4964
2918
-1535
-4722
-4017
-1
4016
4721
1534
-2919
-4965
-2919
1534
4721
4016
0
-4017
-4722
-1535
2918
4964
2918
-1535
-4722
-4017
-1
4016
4721
1534
-2919
-4965
-2919
1534
4721
4016
0
-4017
-4722
-1535
2918
4964
2918
-1535
-4722
-4017
-1
4016
4721
1534
-2919
-4965
-2919
1534
4721
4016
0
-4017
-4722
-1535
2918
4964
2918
-1535
-4722
-4017
0
4016
4721
1534
-2919
-4965
-2919
1534
4721
4016
0
-4017
-4722
-1535
2918
4964
2918
-1535
-4722
-4017
-1
4016
4721
1534
-2919
-4965
-2919
1534
4721
4016
0
-4017
-4722
-1535
2918
4964
2918
-1535
-4722
-4017
-1
4016
4721
1534
-2919
-4965
-2919
1534
4721
4016
0
-4017
-4722
-1535
2918
4964
2918
-1535
-4722
-4017
-1
4016
4721
1534
-2919
-4965
-2919
1534
4721
4016
-1
-4017
-4722
-1535
2918
4964
2918
-1535
-4722
-4017
-1
4016
4721
1534
-2919
-4965
-2919
1534
4721
4016
0
-4017
-4722
-1535
2918
4964
2918
-1535
-4722
-4017
-1
4016
4721
1534
-2919
-4965
-2919
1534
4721
4016
